P(topic 1),P(topic 2),P(topic 3),P(topic 4),P(topic 5)
0.009543440237731158,0.009543459538971052,0.9618260634629491,0.009543489092093104,0.009543547668255742
0.01029255726471918,0.010292785334318422,0.9588291814105268,0.010292733399479876,0.010292742590955594
0.01099199926908713,0.010992094416554892,0.956031320517098,0.010992304640675415,0.010992281156584441
0.009083553173837257,0.009083499791089536,0.9636661040002604,0.00908360162640165,0.00908324140841113
0.008034827032642676,0.008035036998251541,0.9678601171687309,0.008034947364897849,0.008035071435477104
0.009604133121594744,0.009603972985421753,0.9615841600637524,0.00960379676211984,0.00960393706711132
0.016013982659528858,0.016013486954095327,0.9359452974939559,0.016013421601160614,0.016013811291259287
0.008958171642727249,0.008958284804344067,0.9641671033571335,0.008958217151152118,0.008958223044643021
0.014174965808219782,0.014174679299991014,0.9433012312057384,0.01417452833613463,0.014174595349916283
0.008993423867996503,0.008993580033886207,0.9640259945866552,0.008993380821205224,0.00899362069025686
0.011244085382149304,0.011244232627233251,0.9550236625177402,0.011244132833719726,0.011243886639157596
0.00927324118573598,0.009273249092163136,0.9629065485792871,0.009273622616082488,0.009273338526731357
0.010940522032799984,0.010940274147712327,0.9562382457900839,0.010940363373162587,0.010940594656241106
0.009849916283463564,0.009850053932548482,0.9606000954225641,0.009849971456370805,0.009849962905053055
0.011031808025339917,0.011031612774451523,0.9558731479002932,0.0110318111362677,0.011031620163647645
0.100000724142971,0.100000745797273,0.5999968057778763,0.10000084244050103,0.10000088184137872
0.008278629911610156,0.008278620720520704,0.9668851313086066,0.008278629771506327,0.008278988287756155
0.011482588528531124,0.011482303816827034,0.9540699398085349,0.01148278207335482,0.011482385772752204
0.010511288544598263,0.010511422164203093,0.9579544317953061,0.010511366653897191,0.010511490841995296
0.009956403456915135,0.009956306586329275,0.960174434711572,0.009956476448559553,0.009956378796624098
0.008964063598623076,0.008963533465502358,0.9641444593650975,0.008964200571916313,0.00896374299886089
0.009766768159681992,0.00976671443090711,0.9609329234188684,0.009766696209164623,0.009766897781377883
0.009257949709916698,0.00925808489972286,0.9629680740380774,0.009257904986794243,0.009257986365488847
0.009247676357046673,0.009247637700351126,0.9630094123690691,0.009247739857832084,0.009247533715701044
0.012603358547174683,0.012603412645876768,0.949586413670773,0.0126034170560661,0.012603398080109428
0.010188247936252852,0.010188564338910367,0.9592473545543494,0.01018806942066432,0.010187763749823235
0.010620003329366745,0.01062004487247165,0.9575198581593346,0.010620045619147594,0.0106200480196793
0.100000724142971,0.100000745797273,0.5999968057778763,0.10000084244050103,0.10000088184137872
0.01161337986438862,0.0116134448435168,0.953547108677568,0.011613108933574215,0.011612957680952288
0.009089341598076978,0.009089248232117913,0.9636429712915592,0.009089271102726865,0.009089167775518926
0.009932792260455578,0.00993240425076115,0.9602697442827126,0.009932585005131177,0.009932474200939458
0.009262187348362701,0.009262218742071294,0.9629512078823615,0.009262167120149366,0.00926221890705503
0.008777193041569159,0.008777156813866642,0.9648915562361489,0.008777213145708774,0.0087768807627067
0.008817771921062563,0.00881760583534413,0.9647290162901682,0.008817911641508901,0.0088176943119164
0.009334501620373558,0.009334167669440103,0.9626627390622747,0.009334285124126639,0.009334306523784997
0.010133208730852482,0.01013322953401157,0.9594670541483058,0.010133153193113751,0.010133354393716511
0.100000724142971,0.100000745797273,0.5999968057778763,0.10000084244050103,0.10000088184137872
0.009636950747411034,0.00963704847504465,0.9614518394087738,0.00963704046189038,0.009637120906880103
0.010619384928263033,0.010619258110408697,0.9575229241677016,0.010619068391003439,0.01061936440262307
0.009275499800058097,0.009275178758724804,0.9628991993769883,0.009275019198889463,0.009275102865339294
0.010640869540128725,0.010640360357069093,0.9574374398483132,0.01064079693695328,0.010640533317535825
0.009811103361316624,0.009811059538099947,0.9607553640594183,0.009811156231689228,0.009811316809475836
0.100000724142971,0.100000745797273,0.5999968057778763,0.10000084244050103,0.10000088184137872
0.008685131861417101,0.008685132703466174,0.965259503324379,0.008685087492709435,0.00868514461802834
0.01004726213862929,0.010047742305000915,0.959810114183126,0.010047363209683089,0.010047518163560632
0.008460995735375619,0.008460984355280613,0.9661556995837794,0.008461238603092978,0.00846108172247144
0.100000724142971,0.100000745797273,0.5999968057778763,0.10000084244050103,0.10000088184137872
0.100000724142971,0.100000745797273,0.5999968057778763,0.10000084244050103,0.10000088184137872
0.010119715341908052,0.010119573533112134,0.9595216184237052,0.010119615467018781,0.010119477234256007
0.100000724142971,0.100000745797273,0.5999968057778763,0.10000084244050103,0.10000088184137872
0.010589848134931943,0.01059000482282148,0.9576401530558047,0.010589850944913383,0.010590143041528308
0.009264036852217937,0.00926381983463475,0.9629436601849788,0.009264510209138802,0.00926397291902955
0.100000724142971,0.100000745797273,0.5999968057778763,0.10000084244050103,0.10000088184137872
0.100000724142971,0.100000745797273,0.5999968057778763,0.10000084244050103,0.10000088184137872
0.100000724142971,0.100000745797273,0.5999968057778763,0.10000084244050103,0.10000088184137872
0.00897880006014428,0.008978553563706007,0.9640854049825823,0.008978550175598773,0.00897869121796881
0.008914009056785702,0.008914166678568324,0.9643436743989648,0.008913965140003232,0.008914184725677982
0.100000724142971,0.100000745797273,0.5999968057778763,0.10000084244050103,0.10000088184137872
0.100000724142971,0.100000745797273,0.5999968057778763,0.10000084244050103,0.10000088184137872
0.010579932307710874,0.010580018973061928,0.9576802598710676,0.010580097336694773,0.010579691511464744
0.100000724142971,0.100000745797273,0.5999968057778763,0.10000084244050103,0.10000088184137872
0.100000724142971,0.100000745797273,0.5999968057778763,0.10000084244050103,0.10000088184137872
0.010598064424204598,0.01059785767004997,0.9576079830642625,0.010598134836126344,0.010597960005356566
0.100000724142971,0.100000745797273,0.5999968057778763,0.10000084244050103,0.10000088184137872
0.007920518638732462,0.007920887911760568,0.9683174788846325,0.007920593134719212,0.007920521430155196
0.012006549223801411,0.012006746816429197,0.9519735763274288,0.012006658950278982,0.012006468682061532
0.01224685275194129,0.012247029831840254,0.9510115219699278,0.012247398224084566,0.012247197222205897
0.008782889382712818,0.008782493529590957,0.9648693141326979,0.008782563425337422,0.008782739529660955
0.010031499111269616,0.010031468242414188,0.959874253278292,0.010031374126002945,0.010031405242021436
0.100000724142971,0.100000745797273,0.5999968057778763,0.10000084244050103,0.10000088184137872
0.100000724142971,0.100000745797273,0.5999968057778763,0.10000084244050103,0.10000088184137872
0.01010275039576269,0.010103316091875042,0.9595881863823736,0.010102956165214606,0.010102790964774056
0.007556934959689148,0.007556819151583764,0.9697728595680073,0.007556674518717655,0.007556711802002189
0.100000724142971,0.100000745797273,0.5999968057778763,0.10000084244050103,0.10000088184137872
0.100000724142971,0.100000745797273,0.5999968057778763,0.10000084244050103,0.10000088184137872
0.100000724142971,0.100000745797273,0.5999968057778763,0.10000084244050103,0.10000088184137872
0.010152818648427805,0.010153038003008558,0.9593884153891907,0.010152773536916796,0.010152954422456213
0.00942025546299867,0.009420603210575322,0.9623185878099074,0.00942027396256255,0.009420279553955942
0.100000724142971,0.100000745797273,0.5999968057778763,0.10000084244050103,0.10000088184137872
0.100000724142971,0.100000745797273,0.5999968057778763,0.10000084244050103,0.10000088184137872
0.100000724142971,0.100000745797273,0.5999968057778763,0.10000084244050103,0.10000088184137872
0.008645312356305787,0.008645246807031265,0.9654185069371598,0.008645266341609004,0.008645667557894124
0.010994076526656698,0.010993605727973022,0.9560247194015098,0.010993646318356108,0.010993952025504341
0.01044368568920192,0.010443343670683235,0.9582260301212348,0.010443388269922005,0.010443552248958229
0.100000724142971,0.100000745797273,0.5999968057778763,0.10000084244050103,0.10000088184137872
0.100000724142971,0.100000745797273,0.5999968057778763,0.10000084244050103,0.10000088184137872
0.100000724142971,0.100000745797273,0.5999968057778763,0.10000084244050103,0.10000088184137872
0.100000724142971,0.100000745797273,0.5999968057778763,0.10000084244050103,0.10000088184137872
0.100000724142971,0.100000745797273,0.5999968057778763,0.10000084244050103,0.10000088184137872
0.100000724142971,0.100000745797273,0.5999968057778763,0.10000084244050103,0.10000088184137872
0.008195116678034417,0.008194954899169257,0.9672197794891847,0.008195130868971808,0.008195018064639889
0.100000724142971,0.100000745797273,0.5999968057778763,0.10000084244050103,0.10000088184137872
0.009910473849399677,0.009910298685765519,0.9603581522365175,0.009910566222467995,0.009910509005849133
0.100000724142971,0.100000745797273,0.5999968057778763,0.10000084244050103,0.10000088184137872
0.00982308199366384,0.009822623855806777,0.9607082748828552,0.009823093576915508,0.00982292569075872
0.100000724142971,0.100000745797273,0.5999968057778763,0.10000084244050103,0.10000088184137872
0.010291098827243316,0.010290904392271557,0.958836352154709,0.010290850599362945,0.01029079402641326
0.100000724142971,0.100000745797273,0.5999968057778763,0.10000084244050103,0.10000088184137872
0.100000724142971,0.100000745797273,0.5999968057778763,0.10000084244050103,0.10000088184137872
0.009900632802205156,0.009900724571882614,0.9603967828847506,0.00990121311578154,0.009900646625380033
0.009263278070637954,0.009263459577259528,0.9629465995917366,0.0092634260399429,0.009263236720423167
0.100000724142971,0.100000745797273,0.5999968057778763,0.10000084244050103,0.10000088184137872
0.007606992488051533,0.007606865160829388,0.9695720992594064,0.007607011590153684,0.0076070315015591364
0.01204143645626548,0.0120415619408468,0.951834381336963,0.012041317185620595,0.012041303080303937
0.010834025231608561,0.01083406817422956,0.9566632215216794,0.01083437765338269,0.010834307419099869
0.100000724142971,0.100000745797273,0.5999968057778763,0.10000084244050103,0.10000088184137872
0.007797216004207962,0.007797207415953851,0.9688112297400133,0.007797250087253455,0.007797096752571299
0.100000724142971,0.100000745797273,0.5999968057778763,0.10000084244050103,0.10000088184137872
0.008841385712239669,0.008841163776732101,0.9646350917627124,0.00884115444962077,0.00884120429869492
0.100000724142971,0.100000745797273,0.5999968057778763,0.10000084244050103,0.10000088184137872
0.00872935410378575,0.008729401321727908,0.9650823264800511,0.008729483786633211,0.008729434307801999
0.011456613436288813,0.011456903594540787,0.9541733298735754,0.011456433063813587,0.01145672003178156
0.008487760639012947,0.008487424001117969,0.9660501858627855,0.008487328678562217,0.008487300818521476
0.01388760058153672,0.013887530559467856,0.9444493531097099,0.013887951599177207,0.013887564150108287
0.00840930709147967,0.008409300697446513,0.9663626657851369,0.008409351404840622,0.008409375021096432
0.00782882500063528,0.007828680285249955,0.9686851316412932,0.007828719306026032,0.007828643766795606
0.100000724142971,0.100000745797273,0.5999968057778763,0.10000084244050103,0.10000088184137872
0.010256602282430447,0.01025666791513217,0.9589734138752481,0.010256739111157112,0.010256576816032028
0.00955027148505489,0.00955022467863152,0.9617988727039716,0.009550035929726626,0.009550595202615227
0.009728936753151486,0.009729257643891149,0.9610839988208528,0.009728877830801091,0.009728928951303516
0.011295382276187139,0.011295241914001804,0.9548189174197227,0.01129501267317356,0.011295445716914777
0.011343472136921997,0.011343066340306868,0.9546275592847926,0.011342912027350802,0.01134299021062775
0.100000724142971,0.100000745797273,0.5999968057778763,0.10000084244050103,0.10000088184137872
0.008334699628497734,0.008334724551473804,0.9666615143421112,0.008334390782614014,0.008334670695303165
0.0102744199063634,0.010274494503311913,0.9589026558717823,0.010274198441476286,0.010274231277066169
0.011748814149930733,0.011748361054241867,0.9530051019907461,0.011749103571818293,0.01174861923326305
0.010257558496798231,0.010257427162169425,0.9589704859516059,0.010257346651310291,0.010257181738116107
0.009192022578393102,0.009192253823790419,0.9632317214960974,0.009192077188732824,0.009191924912986241
0.100000724142971,0.100000745797273,0.5999968057778763,0.10000084244050103,0.10000088184137872
0.008567110418161772,0.008567280340030096,0.9657311970151443,0.008567214862686296,0.008567197363977416
0.00811517460654542,0.008115218575998305,0.9675391498066503,0.008115280144589074,0.008115176866216822
0.009119779425565999,0.009119718188377623,0.9635208311261029,0.009119902041211792,0.009119769218741594
0.100000724142971,0.100000745797273,0.5999968057778763,0.10000084244050103,0.10000088184137872
0.100000724142971,0.100000745797273,0.5999968057778763,0.10000084244050103,0.10000088184137872
0.009332811116771974,0.009332696296038166,0.9626691312815052,0.009332752684905075,0.009332608620779602
0.00923742452695431,0.009237347922702904,0.9630505753243572,0.009237254735840705,0.00923739749014496
0.007915447535115258,0.007915434523057575,0.9683381261119781,0.007915452797444935,0.007915539032404136
0.011530122156654223,0.011530355791498744,0.9538787771295425,0.01153024821295177,0.011530496709352717
0.100000724142971,0.100000745797273,0.5999968057778763,0.10000084244050103,0.10000088184137872
0.007842531692646105,0.007842430231495903,0.9686302088400692,0.007842409985539076,0.00784241925024971
0.008899028006015212,0.008899074829026564,0.9644038082072718,0.00889907070819641,0.008899018249490114
0.008426108869464247,0.008426034083266424,0.9662959292549552,0.008425987799995526,0.00842593999231857
0.009444569182336214,0.009444770554495158,0.9622214734749728,0.009444531752420587,0.009444655035775297
0.100000724142971,0.100000745797273,0.5999968057778763,0.10000084244050103,0.10000088184137872
0.010121563580589429,0.010121439930106677,0.9595137776973035,0.010121607779941276,0.01012161101205917
0.006976125812590852,0.00697610802614347,0.9720956050124568,0.006976089681775317,0.006976071467033466
0.00682557107196452,0.006825467992104797,0.9726978253629938,0.006825624561209217,0.006825511011727805
0.0077508425925112215,0.007750795227772891,0.968996615780338,0.007750953835334542,0.007750792564043309
0.008450909602293208,0.008450857119754976,0.9661964452075589,0.008450925902957493,0.008450862167435425
0.007428559847905785,0.007428599983037741,0.9702855983429448,0.007428634646640184,0.007428607179471582
0.010095395321807274,0.010095358233925699,0.9596184537026947,0.010095356378321332,0.010095436363250953
0.007557179645409704,0.0075570542381890845,0.9697716587718803,0.007556980910645068,0.00755712643387577
0.008896886437654185,0.008897111547031914,0.9644118488391686,0.008897116363768366,0.008897036812376956
0.010778786641858154,0.010778601781377701,0.9568854611066977,0.010778556668006393,0.010778593802060097
0.007383791239299022,0.007383895674234992,0.9704644284249541,0.007383854223392439,0.00738403043811942
0.00947703521463114,0.009476913109558529,0.9620919765673681,0.009477238914678868,0.009476836193763405
0.00798851620146895,0.007988404396935805,0.9680460765960657,0.007988567766840596,0.007988435038689064
0.007341538403419109,0.007341642197096407,0.9706336765110816,0.007341593114166919,0.007341549774235941
0.008530466654249648,0.008530449739423381,0.9658780474597195,0.008530516729614846,0.008530519416992746
0.007932467998776845,0.00793230429549207,0.9682703945813669,0.007932341076165,0.007932492048199237
0.008542722125865907,0.008542596745894129,0.965829328200153,0.008542597230972618,0.0085427556971144
0.007719916705037756,0.00772008337251304,0.9691201177079124,0.007720022402788144,0.007719859811748821
0.007097429155894471,0.007097222184440357,0.9716107526753723,0.007097273876364803,0.007097322107928103
0.0101447552456988,0.010144606185989512,0.9594212153246601,0.010144825127860338,0.01014459811579154
0.00751032806302417,0.00751034143129913,0.9699586547465351,0.007510364387584963,0.007510311371556602
0.010152496687726654,0.01015235267467674,0.9593906474392551,0.010152209818788688,0.010152293379552818
0.009835580978299193,0.009835422016068846,0.9606576785657663,0.009835661054035426,0.009835657385830341
0.007743480291490521,0.007743540568022796,0.9690259978012841,0.007743499309399882,0.00774348202980274
0.009155516727749126,0.009155671618766972,0.963377273153732,0.009155732909423299,0.009155805590328664
0.009461668349564233,0.009461653685709198,0.9621536477546304,0.009461458662692976,0.00946157154740318
0.100000724142971,0.100000745797273,0.5999968057778763,0.10000084244050103,0.10000088184137872
0.009071964505152741,0.009072149960834072,0.9637118027369562,0.009072072704942657,0.009072010092114335
0.00842529698665239,0.00842527199573,0.9662988767648992,0.008425278300867822,0.008425275951850518
0.009073807605856781,0.009073905883587433,0.9637043721926536,0.009073970655567443,0.00907394366233487
0.100000724142971,0.100000745797273,0.5999968057778763,0.10000084244050103,0.10000088184137872
0.100000724142971,0.100000745797273,0.5999968057778763,0.10000084244050103,0.10000088184137872
0.100000724142971,0.100000745797273,0.5999968057778763,0.10000084244050103,0.10000088184137872
0.009103693150528643,0.009103571554377937,0.9635853021473617,0.009103715434367414,0.00910371771336431
0.100000724142971,0.100000745797273,0.5999968057778763,0.10000084244050103,0.10000088184137872
0.010579584272047322,0.010579685026034447,0.9576812056479664,0.01057980870491097,0.01057971634904076
0.007238452877054931,0.007238282211234177,0.9710463627389974,0.00723844376449598,0.00723845840821759
0.011103353757637604,0.011103502633274413,0.9555860563094737,0.011103445657982176,0.011103641641632358
0.008173073989971691,0.008172947752647867,0.9673078987922167,0.00817307717731728,0.008173002287846589
0.008580815881910628,0.00858075997779424,0.965676561223757,0.008580934768007233,0.008580928148530688
0.100000724142971,0.100000745797273,0.5999968057778763,0.10000084244050103,0.10000088184137872
0.008804803307240074,0.00880495912914282,0.9647805016999934,0.008804897667754559,0.008804838195869098
0.100000724142971,0.100000745797273,0.5999968057778763,0.10000084244050103,0.10000088184137872
0.007021290089991775,0.007021271643375783,0.9719149630380606,0.007021234231904716,0.007021240996667132
0.007631020312420748,0.007631275769100546,0.969475738168211,0.007631046868648623,0.007630918881619095
0.009404523308687523,0.009404698488465577,0.962381294398329,0.009404958906492625,0.0094045248980252
0.010676722974736277,0.01067659318117338,0.957293272283823,0.010676688914724255,0.010676722645542869
0.008602605746675837,0.008602696971010307,0.9655896540818991,0.008602526969578922,0.00860251623083577
0.008728498219868363,0.00872835834413334,0.9650862371981527,0.008728469077389335,0.008728437160456192
0.012593870134741543,0.012594033066470162,0.9496239188001804,0.012593938318259074,0.012594239680348878
0.007296218147256663,0.007296264319268509,0.9708153406426757,0.007296147848223807,0.007296029042575185
0.008273700947839358,0.008273562189374103,0.9669053904963357,0.00827384593567801,0.008273500430772683
0.008727507575885926,0.008727662055454737,0.9650896769904909,0.008727604488212696,0.008727548889955684
0.008469737830653865,0.008469610323800184,0.9661211118842697,0.008469899693819003,0.00846964026745718
0.008756593690622507,0.00875675746718241,0.9649731117915413,0.008756765992566968,0.008756771058086702
0.008901219185775888,0.008900950197764438,0.9643957970121246,0.008901044416736476,0.008900989187598624
0.011319784162267553,0.011319425640320494,0.9547214582827857,0.011319723937781438,0.011319607976844783
0.008657932823384477,0.008658173933706402,0.9653680498669533,0.008657955577353677,0.00865788779860199
0.00992096285677834,0.009920889628079516,0.9603159182400252,0.009921205510515866,0.009921023764601014
0.009566711300196058,0.009566641135777149,0.9617332167599192,0.009566725067400538,0.009566705736707181
0.007264017399017332,0.007264104446118594,0.9709437361504623,0.0072641419065035615,0.007264000097898419
0.008567393005556955,0.008567678104486458,0.9657304217732328,0.00856717681866183,0.008567330298062045
0.009539225413896058,0.009539134314106659,0.9618432870689139,0.00953929801330013,0.009539055189783222
0.007744669565144005,0.00774462544295198,0.9690213726771528,0.007744648101110095,0.0077446842136411
0.100000724142971,0.100000745797273,0.5999968057778763,0.10000084244050103,0.10000088184137872
0.100000724142971,0.100000745797273,0.5999968057778763,0.10000084244050103,0.10000088184137872
0.100000724142971,0.100000745797273,0.5999968057778763,0.10000084244050103,0.10000088184137872
0.007969134943098258,0.007969148083557765,0.968123572257641,0.007969083992968478,0.007969060722734593
0.100000724142971,0.100000745797273,0.5999968057778763,0.10000084244050103,0.10000088184137872
0.007963377842932285,0.007963482133901854,0.9681464095407023,0.007963342809108683,0.007963387673354942
0.01561626429015334,0.015616139102904757,0.9375348381367444,0.015616331502382492,0.015616426967815051
0.010877739241729516,0.010877340506425533,0.9564901666109046,0.010877334732980462,0.010877418907959893
0.100000724142971,0.100000745797273,0.5999968057778763,0.10000084244050103,0.10000088184137872
0.01168974357563057,0.011689619575067652,0.9532414815162499,0.01168958562160676,0.011689569711445129
